1538499903.588082075 0 0 1.73472e-18
1538499903.725936174 -0.00846476 0.00641025 -0.000320233
1538499903.863144159 -0.0126294 -0.0842175 -0.000280376
1538499904.001750946 0.00379554 -0.0804278 0.000194463
1538499904.139515638 0.00174394 -0.185334 0.000460102
1538499904.277458906 0.00270372 -0.22967 0.00167715
1538499904.415406942 -0.00108932 -0.279509 0.00144677
1538499904.552763224 0.00453073 -0.323439 0.00152246
1538499904.690903187 0.00208548 -0.381387 0.00214563
1538499904.828713179 0.0015058 -0.453683 0.00182285
1538499904.966611147 0.00821576 -0.503549 0.00283387
1538499905.104465246 0.00498887 -0.552589 0.00315713
1538499905.242038488 0.00423661 -0.610273 0.00322444
1538499905.380096912 0.00650574 -0.668153 0.00390596
1538499905.517950773 0.00534081 -0.732217 0.00325317
1538499905.656150341 0.00875029 -0.784909 0.00365742
1538499905.794079542 0.00959819 -0.837694 0.00433054
1538499905.930985451 0.0128761 -0.88468 0.00433679
1538499906.069446087 0.00505011 -0.944172 0.00579772
1538499906.207300186 0.0196153 -0.997821 0.00604991
1538499906.345257282 -0.00115081 -1.04072 0.00617962
1538499906.483111382 0.0108798 -1.09791 0.00190422
1538499906.620279789 0.000532916 -1.14543 -0.00552694
1538499906.758797407 0.000333584 -1.17768 -0.0111689
1538499906.896525383 -0.0120648 -1.20879 -0.0302007
1538499907.034505367 -0.0193327 -1.2729 -0.0442081
1538499907.172691584 -0.0445431 -1.2967 -0.0712905
1538499907.309730053 -0.0580169 -1.32369 -0.0883892
1538499907.447961807 -0.0447528 -1.35167 -0.118317
1538499907.585815907 -0.0735016 -1.38677 -0.144629
1538499907.723713875 -0.0811254 -1.41031 -0.171447
1538499907.861569643 -0.0936497 -1.42053 -0.199643
1538499907.998775959 -0.12607 -1.47646 -0.228061
1538499908.137272358 -0.13935 -1.49219 -0.257253
1538499908.275126457 -0.152227 -1.52076 -0.285693
1538499908.412983179 -0.175765 -1.54505 -0.314062
1538499908.550997972 -0.18426 -1.53703 -0.348358
1538499908.688133717 -0.218442 -1.58705 -0.377645
1538499908.826541901 -0.24202 -1.58105 -0.411412
1538499908.964396000 -0.264662 -1.61673 -0.443824
1538499909.102316856 -0.288912 -1.63752 -0.478914
1538499909.240331411 -0.308451 -1.65027 -0.516856
1538499909.377218485 -0.33099 -1.65921 -0.551155
1538499909.515795708 -0.363537 -1.67347 -0.59377
1538499909.653609991 -0.389879 -1.65713 -0.625278
1538499909.791503668 -0.419007 -1.68821 -0.665388
1538499909.929365635 -0.435398 -1.7053 -0.689228
1538499910.066654682 -0.464327 -1.70876 -0.719623
1538499910.205124378 -0.500601 -1.71954 -0.742931
1538499910.342978477 -0.516452 -1.72878 -0.767657
1538499910.480885267 -0.540633 -1.80378 -0.795531
1538499910.619049549 -0.579833 -1.72555 -0.796044
1538499910.755871773 -0.625537 -1.88991 -0.805945
1538499910.894449711 -0.654487 -1.81261 -0.791951
1538499911.032237768 -0.65411 -1.91579 -0.781236
1538499911.170157671 -0.677088 -1.91337 -0.761793
1538499911.308011770 -0.668388 -1.9753 -0.742477
1538499911.445363998 -0.706482 -1.9967 -0.718955
1538499911.583663702 -0.705321 -2.04146 -0.694359
1538499911.721517801 -0.714883 -2.04415 -0.672051
1538499911.859378099 -0.718017 -2.07765 -0.643221
1538499911.997328043 -0.737185 -2.11221 -0.618848
1538499912.134384871 -0.749783 -2.13661 -0.588379
1538499912.272843838 -0.75345 -2.16513 -0.562144
1538499912.410662174 -0.767196 -2.18308 -0.530408
1538499912.548551798 -0.767258 -2.22572 -0.502384
1538499912.686407089 -0.777198 -2.23355 -0.46673
1538499912.823726654 -0.768614 -2.26257 -0.439946
1538499912.962222338 -0.767518 -2.30663 -0.402045
1538499913.100076437 -0.758807 -2.32024 -0.371769
1538499913.237957954 -0.746748 -2.37845 -0.336283
1538499913.375876427 -0.758007 -2.3948 -0.314386
1538499913.513178825 -0.755117 -2.428 -0.283345
1538499913.651459932 -0.745294 -2.46658 -0.260155
1538499913.789307356 -0.75058 -2.46237 -0.238501
1538499913.927167892 -0.748823 -2.53615 -0.22839
1538499914.065021992 -0.760952 -2.59832 -0.237035
1538499914.202167034 -0.799817 -2.6968 -0.219981
1538499914.340714693 -0.773881 -2.72451 -0.238315
1538499914.478525400 -0.794984 -2.75705 -0.245513
1538499914.616422653 -0.818627 -2.76279 -0.272182
1538499914.754427433 -0.821531 -2.82044 -0.286489
1538499914.891789436 -0.860475 -2.84136 -0.313426
1538499915.029882908 -0.865696 -2.87492 -0.331958
1538499915.167737007 -0.888558 -2.88745 -0.361974
1538499915.305598259 -0.908475 -2.93081 -0.385859
1538499915.443557024 -0.939317 -2.96496 -0.414308
1538499915.580815554 -0.952274 -2.98277 -0.44301
1538499915.719487190 -0.983231 -3.00976 -0.469636
1538499915.857080698 -0.997829 -3.04823 -0.500116
1538499915.995195150 -1.02709 -3.0583 -0.528669
1538499916.133049250 -1.03964 -3.09038 -0.558759
1538499916.270642757 -1.06953 -3.12161 -0.590322
1538499916.408578157 -1.08933 -3.1149 -0.618107
1538499916.546394348 -1.11715 -3.13183 -0.654845
1538499916.684286118 -1.14534 -3.15238 -0.689784
1538499916.822140217 -1.16778 -3.0742 -0.721724
1538499916.959288836 -1.21597 -3.09252 -0.761634
1538499917.097775459 -1.2276 -3.11827 -0.796192
1538499917.235629559 -1.26461 -3.11093 -0.841082
1538499917.373512268 -1.28699 -3.09306 -0.878196
1538499917.511465788 -1.31971 -3.10347 -0.92052
1538499917.649220467 -1.34891 -3.07764 -0.957218
1538499917.787144899 -1.36542 -3.07319 -1.00005
1538499917.924998999 -1.38313 -3.06122 -1.03701
1538499918.062852859 -1.41338 -3.06322 -1.07631
1538499918.200735092 -1.42728 -3.08451 -1.10258
1538499918.337830544 -1.45722 -3.08372 -1.1319
1538499918.476393938 -1.48322 -3.07118 -1.15714
1538499918.614168644 -1.51916 -3.04628 -1.17784
1538499918.752101898 -1.58512 -3.14374 -1.20642
1538499918.889955997 -1.58598 -3.06196 -1.20082
1538499919.027371883 -1.6923 -3.21632 -1.21024
1538499919.165637970 -1.67214 -3.12162 -1.2004
1538499919.303492069 -1.68204 -3.21685 -1.18802
1538499919.441377163 -1.71808 -3.18822 -1.16796
1538499919.579267502 -1.73263 -3.26183 -1.14774
1538499919.716450930 -1.77852 -3.2631 -1.12663
1538499919.854792118 -1.79089 -3.30308 -1.10062
1538499919.992646217 -1.81694 -3.29934 -1.07821
1538499920.130567789 -1.82769 -3.33426 -1.04791
1538499920.268546343 -1.84764 -3.36234 -1.02358
1538499920.405753374 -1.85584 -3.39064 -0.994111
1538499920.544166803 -1.87343 -3.41885 -0.968091
1538499920.682020903 -1.8801 -3.4208 -0.938972
1538499920.819946527 -1.9013 -3.45398 -0.909261
1538499920.957913160 -1.90904 -3.46013 -0.875562
1538499921.095118999 -1.92575 -3.48458 -0.847324
1538499921.233453274 -1.93645 -3.53014 -0.808586
1538499921.371192932 -1.93641 -3.53143 -0.781116
1538499921.509161472 -1.93408 -3.56785 -0.738855
1538499921.647015333 -1.94935 -3.60419 -0.702375
1538499921.784403086 -1.93383 -3.60742 -0.660471
1538499921.922632694 -1.93868 -3.64757 -0.627083
1538499922.060486794 -1.93353 -3.67761 -0.596527
1538499922.198426485 -1.94314 -3.67689 -0.568541
1538499922.336560011 -1.93378 -3.71597 -0.54089
1538499922.473927736 -1.95817 -3.75894 -0.516092
1538499922.611880302 -1.95725 -3.79062 -0.505778
1538499922.749734402 -2.00082 -3.8532 -0.483264
1538499922.887715101 -2.01177 -3.90564 -0.49667
1538499923.025576353 -2.03807 -3.94779 -0.487679
1538499923.162800550 -2.05996 -3.96296 -0.509365
1538499923.301350355 -2.07179 -4.02476 -0.513837
1538499923.439070225 -2.09978 -4.02357 -0.543924
1538499923.577058315 -2.13184 -4.07296 -0.555502
1538499923.714913368 -2.14273 -4.06373 -0.583948
1538499923.852104187 -2.17889 -4.0843 -0.603743
1538499923.990525961 -2.20063 -4.10878 -0.631503
1538499924.128306389 -2.22748 -4.13165 -0.656926
1538499924.266234159 -2.26012 -4.14307 -0.681989
1538499924.404088020 -2.28888 -4.15363 -0.711905
1538499924.541428328 -2.32034 -4.16271 -0.738036
1538499924.679949522 -2.35084 -4.17893 -0.767744
1538499924.817789316 -2.36935 -4.18559 -0.797891
1538499924.955657482 -2.40728 -4.19721 -0.826762
1538499925.093512535 -2.43236 -4.21223 -0.864075
1538499925.230675697 -2.49538 -4.18844 -0.924212
1538499925.369035006 -2.53726 -4.22629 -0.967335
1538499925.506889105 -2.58058 -4.20914 -1.03047
1538499925.644785643 -2.64088 -4.18791 -1.08726
1538499925.782863617 -2.68557 -4.17077 -1.16009
1538499925.919867516 -2.7471 -4.15632 -1.20679
1538499926.058306932 -2.78653 -4.12918 -1.26798
1538499926.196161032 -2.86161 -4.11082 -1.31922
1538499926.334120512 -2.85671 -4.06898 -1.36885
1538499926.471975327 -2.98776 -4.13948 -1.40504
1538499926.609301090 -3.0054 -4.05745 -1.43405
1538499926.747612238 -3.20886 -4.18079 -1.44961
1538499926.885466337 -3.29877 -4.16575 -1.47403
1538499927.023339510 -3.41024 -4.20646 -1.46614
1538499927.161395788 -3.50925 -4.20735 -1.47068
1538499927.298605680 -3.60611 -4.23257 -1.4537
1538499927.436780930 -3.67247 -4.26437 -1.44589
1538499927.574635029 -3.74853 -4.29886 -1.40577
1538499927.712586880 -3.79839 -4.32214 -1.38291
1538499927.850461245 -3.8673 -4.36167 -1.33218
1538499927.987930298 -3.91334 -4.3812 -1.30099
1538499928.126291037 -3.98406 -4.39661 -1.26528
1538499928.264144897 -4.08481 -4.42403 -1.239
1538499928.402054548 -4.14749 -4.48518 -1.21711
1538499928.539909124 -4.27883 -4.49573 -1.20172
1538499928.676925898 -4.344 -4.5383 -1.20452
1538499928.815465212 -4.50377 -4.5854 -1.20372
1538499928.953302622 -4.588 -4.62217 -1.21842
1538499929.091174364 -4.66749 -4.64011 -1.22682
1538499929.229028225 -4.77407 -4.6384 -1.25308
1538499929.366488457 -4.83866 -4.64462 -1.2799
1538499929.504677773 -4.92193 -4.62964 -1.32418
1538499929.642531633 -4.9855 -4.62919 -1.36755
1538499929.780591488 -5.06105 -4.61606 -1.41864
1538499929.918581247 -5.13508 -4.62179 -1.47149
1538499930.055644035 -5.18487 -4.60213 -1.52839
1538499930.193933249 -5.2315 -4.58979 -1.58308
1538499930.331787348 -5.26762 -4.5667 -1.63842
1538499930.469656706 -5.32845 -4.54718 -1.6886
1538499930.607636929 -5.37649 -4.5198 -1.7385
1538499930.744740963 -5.46098 -4.51288 -1.78229
1538499930.883238554 -5.50872 -4.45381 -1.81464
1538499931.021092415 -5.6636 -4.44042 -1.84541
1538499931.158949137 -5.67222 -4.41272 -1.8619
1538499931.297177553 -5.83898 -4.37617 -1.87585
1538499931.434069633 -5.9041 -4.3414 -1.88015
1538499931.572462559 -6.05808 -4.30889 -1.87617
1538499931.710307121 -6.13851 -4.2752 -1.86719
1538499931.848171711 -6.23096 -4.27136 -1.84772
1538499931.986108303 -6.31871 -4.25118 -1.82478
1538499932.123267651 -6.41213 -4.26329 -1.79046
1538499932.261936665 -6.48237 -4.24944 -1.75356
1538499932.399671078 -6.54985 -4.27394 -1.70637
1538499932.537644625 -6.58266 -4.2599 -1.65566
1538499932.675498486 -6.64104 -4.27731 -1.60245
1538499932.812698841 -6.69205 -4.29788 -1.54716
1538499932.951090574 -6.74791 -4.32793 -1.48917
1538499933.088902235 -6.83619 -4.37872 -1.4364
1538499933.226799488 -6.86932 -4.39865 -1.3815
1538499933.364653349 -6.92731 -4.42587 -1.33121
1538499933.501804829 -6.97976 -4.48617 -1.29074
1538499933.640325785 -7.06924 -4.52617 -1.2501
1538499933.778163671 -7.09263 -4.54765 -1.22699
1538499933.916033745 -7.23563 -4.60979 -1.20064
1538499934.053887606 -7.29655 -4.63306 -1.19121
1538499934.191153526 -7.43298 -4.6976 -1.17981
1538499934.329525709 -7.50226 -4.70976 -1.18625
1538499934.467379570 -7.64249 -4.81684 -1.19501
1538499934.605312347 -7.71429 -4.81068 -1.20998
1538499934.743630886 -7.82753 -4.86778 -1.23688
1538499934.880372286 -7.89639 -4.87202 -1.26567
1538499935.018912077 -7.97379 -4.85719 -1.30576
1538499935.156765938 -8.0347 -4.87366 -1.3511
1538499935.294645071 -8.1099 -4.87537 -1.40281
1538499935.432498932 -8.16462 -4.84682 -1.45352
1538499935.569720268 -8.22893 -4.84103 -1.5099
1538499935.708155632 -8.28688 -4.80718 -1.56681
1538499935.846009493 -8.34275 -4.78394 -1.62332
1538499935.983902693 -8.39952 -4.75603 -1.67667
1538499936.121871710 -8.4184 -4.71792 -1.73276
1538499936.259050131 -8.49534 -4.68405 -1.78182
1538499936.397347450 -8.55138 -4.65852 -1.82728
1538499936.535201311 -8.61408 -4.63832 -1.86435
1538499936.673117638 -8.71521 -4.56178 -1.88914
1538499936.810975790 -8.73203 -4.57249 -1.91424
1538499936.948537111 -8.88867 -4.49859 -1.91867
1538499937.086622477 -8.97954 -4.47467 -1.93184
1538499937.224528313 -9.12226 -4.41567 -1.9246
1538499937.362475157 -9.20161 -4.39445 -1.92096
1538499937.500349998 -9.27417 -4.34562 -1.8948
1538499937.638091326 -9.35725 -4.33803 -1.87576
1538499937.776014090 -9.43864 -4.31612 -1.83696
1538499937.913793325 -9.50758 -4.31123 -1.80336
1538499938.051722050 -9.56594 -4.3084 -1.75261
1538499938.189575911 -9.60958 -4.33649 -1.70796
1538499938.326810360 -9.66541 -4.3413 -1.65141
1538499938.465357780 -9.73362 -4.36851 -1.59692
1538499938.603212595 -9.79524 -4.37468 -1.53611
1538499938.741127253 -9.82735 -4.40803 -1.47846
1538499938.879481554 -9.87489 -4.44493 -1.41855
1538499939.016563416 -9.92439 -4.48483 -1.36218
1538499939.154464960 -9.97654 -4.5525 -1.30017
1538499939.292318821 -10.0114 -4.54895 -1.23785
1538499939.430232525 -10.045 -4.61361 -1.17562
1538499939.568088770 -10.0877 -4.66954 -1.1095
1538499939.705294371 -10.1227 -4.70289 -1.05141
1538499939.843969345 -10.1439 -4.75177 -0.998926
1538499939.981733084 -10.1779 -4.82416 -0.942785
1538499940.119678259 -10.2034 -4.88686 -0.896455
1538499940.257789373 -10.2413 -4.94514 -0.849147
1538499940.394773483 -10.2851 -5.03565 -0.82961
1538499940.533035278 -10.3496 -5.13341 -0.797784
1538499940.670868874 -10.399 -5.19653 -0.793318
1538499940.808743238 -10.4747 -5.3084 -0.775765
1538499940.946597338 -10.5534 -5.37619 -0.779875
1538499941.083887577 -10.6204 -5.48585 -0.778514
1538499941.222461224 -10.7129 -5.53742 -0.800695
1538499941.360316038 -10.7583 -5.60231 -0.813667
1538499941.498204231 -10.8349 -5.64979 -0.850289
1538499941.636070728 -10.9161 -5.69066 -0.863191
1538499941.773298025 -10.9592 -5.71727 -0.881915
1538499941.911533594 -11.0106 -5.75154 -0.889547
1538499942.049387455 -11.0244 -5.75681 -0.899178
1538499942.187353849 -11.058 -5.78478 -0.902455
