1538499899.978875160 1.08585 0.348684 1.08244
1538499900.141878605 1.08628 0.349474 1.0814
1538499900.312284946 1.08592 0.349385 1.08316
1538499900.478216648 1.08606 0.348078 1.08239
1538499900.643357992 1.08714 0.349987 1.08135
1538499900.814092159 1.08768 0.350454 1.08051
1538499900.979612350 1.08699 0.351249 1.08142
1538499901.141634941 1.08701 0.351013 1.08082
1538499901.309297085 1.086 0.350681 1.08048
1538499901.473604918 1.08635 0.350465 1.08048
1538499901.643161297 1.08711 0.350881 1.08013
1538499901.811124086 1.08805 0.350364 1.08179
1538499901.974361658 1.08767 0.351809 1.08239
1538499902.141611814 1.08903 0.350489 1.08308
1538499902.307026386 1.09026 0.352644 1.08385
1538499902.474857807 1.09039 0.352133 1.08175
1538499902.642140627 1.08947 0.351973 1.08266
1538499902.807437658 1.08949 0.35257 1.08404
1538499902.979944944 1.08928 0.351878 1.08404
1538499903.139577866 1.08981 0.351105 1.08508
1538499903.309460640 1.09002 0.351199 1.08416
1538499903.479537964 1.0902 0.351235 1.08416
1538499903.644563437 1.08941 0.351075 1.08451
1538499903.807985306 1.09381 0.35665 1.08336
1538499903.978458166 1.09561 0.362948 1.08212
1538499904.140818357 1.10438 0.382988 1.08289
1538499904.309087753 1.11194 0.409506 1.08255
1538499904.472711325 1.11761 0.418368 1.08195
1538499904.640608788 1.12545 0.436516 1.08195
1538499904.812451363 1.13097 0.446169 1.0808
1538499904.972401857 1.14005 0.465925 1.08032
1538499905.145382881 1.14803 0.485901 1.08101
1538499905.304306746 1.15332 0.495104 1.08149
1538499905.474772453 1.16176 0.512944 1.08247
1538499905.642455578 1.17135 0.533306 1.0817
1538499905.808281422 1.17543 0.5429 1.08079
1538499905.973357201 1.18397 0.561463 1.08156
1538499906.144785881 1.19202 0.579588 1.08156
1538499906.308747530 1.19645 0.587434 1.08306
1538499906.479052782 1.20637 0.605407 1.08341
1538499906.642086029 1.21565 0.619017 1.07533
1538499906.805620909 1.21736 0.624502 1.06869
1538499906.973331690 1.22906 0.634165 1.05071
1538499907.143130779 1.23922 0.643267 1.02694
1538499907.307998180 1.24723 0.645924 1.00303
1538499907.471709490 1.25995 0.652245 0.970462
1538499907.642949820 1.27084 0.657549 0.9289
1538499907.809948921 1.27805 0.658639 0.909217
1538499907.971655607 1.28939 0.659441 0.868059
1538499908.137293577 1.30242 0.662277 0.824446
1538499908.308452606 1.30929 0.662261 0.804225
1538499908.476561785 1.32221 0.662515 0.76185
1538499908.642382145 1.33526 0.662635 0.71182
1538499908.807239771 1.3436 0.662703 0.690416
1538499908.977629900 1.35647 0.658276 0.640188
1538499909.139546871 1.36895 0.65527 0.587052
1538499909.309068918 1.37448 0.653598 0.560307
1538499909.473192215 1.38756 0.648564 0.504955
1538499909.643190384 1.39849 0.640579 0.44391
1538499909.809736729 1.40543 0.639129 0.416273
1538499909.974935770 1.41555 0.632766 0.365832
1538499910.142224312 1.42665 0.629395 0.324368
1538499910.307734728 1.431 0.627261 0.308071
1538499910.470817566 1.44415 0.624141 0.269508
1538499910.640249252 1.45641 0.627091 0.254439
1538499910.810516357 1.46417 0.624577 0.237833
1538499910.976533413 1.48043 0.633299 0.257641
1538499911.140366077 1.48711 0.641664 0.277391
1538499911.308801651 1.49278 0.644936 0.285967
1538499911.475690365 1.49796 0.657565 0.324805
1538499911.639204264 1.5049 0.666789 0.354276
1538499911.808935404 1.51014 0.670848 0.37227
1538499911.978848219 1.51558 0.679669 0.412722
1538499912.144370317 1.52142 0.691039 0.452848
1538499912.303036451 1.52361 0.69771 0.471419
1538499912.472475290 1.5264 0.708738 0.514573
1538499912.638846397 1.52951 0.71962 0.557409
1538499912.809659719 1.52989 0.725096 0.584696
1538499912.976671696 1.53104 0.737003 0.627955
1538499913.143020630 1.53015 0.749467 0.680311
1538499913.306660891 1.52809 0.755717 0.709293
1538499913.476877451 1.52959 0.769112 0.743195
1538499913.641468763 1.53114 0.781682 0.782359
1538499913.809945822 1.53202 0.787445 0.801725
1538499913.974025011 1.53739 0.799689 0.828496
1538499914.143080711 1.55104 0.813903 0.817827
1538499914.305654526 1.55498 0.822666 0.83131
1538499914.470242739 1.56983 0.830729 0.810539
1538499914.640035152 1.58406 0.84243 0.787498
1538499914.810826778 1.59005 0.843774 0.772112
1538499914.973320007 1.60529 0.84919 0.736972
1538499915.142170429 1.60911 0.85127 0.726048
1538499915.306387663 1.62185 0.852541 0.684022
1538499915.474600077 1.63656 0.851532 0.64429
1538499915.640003681 1.64337 0.85021 0.624048
1538499915.806087971 1.6545 0.849845 0.581347
1538499915.973938227 1.671 0.850142 0.538997
1538499916.138664007 1.67692 0.848415 0.514884
1538499916.307130575 1.69332 0.844149 0.471871
1538499916.475819349 1.70692 0.838587 0.42822
1538499916.640494823 1.71411 0.833058 0.398825
1538499916.807243347 1.7249 0.829979 0.349157
1538499916.975302219 1.737 0.822471 0.297491
1538499917.143554211 1.74159 0.81729 0.265992
1538499917.307821035 1.75357 0.80569 0.210946
1538499917.476021767 1.76105 0.796063 0.149208
1538499917.642284393 1.76379 0.791857 0.11841
1538499917.809474707 1.77133 0.780426 0.0577445
1538499917.974063396 1.77719 0.769765 0.000452465
1538499918.138165951 1.78203 0.762599 -0.0280011
1538499918.303055286 1.78712 0.754031 -0.071218
1538499918.470631123 1.79473 0.741487 -0.116859
1538499918.642588377 1.79792 0.737118 -0.135327
1538499918.808493614 1.80728 0.729527 -0.173688
1538499918.972264528 1.82459 0.727322 -0.180147
1538499919.140732050 1.82516 0.732137 -0.187223
1538499919.308009863 1.84187 0.728333 -0.176498
1538499919.471480846 1.85227 0.737284 -0.140455
1538499919.640837669 1.85525 0.739053 -0.136834
1538499919.811355352 1.86505 0.749601 -0.100099
1538499919.977591991 1.87604 0.75878 -0.0607707
1538499920.143141508 1.88077 0.762523 -0.0465139
1538499920.306864023 1.89139 0.772095 -0.00380627
1538499920.474509716 1.9033 0.777995 0.0386816
1538499920.639964342 1.90652 0.782387 0.0584859
1538499920.807990789 1.9169 0.796989 0.101167
1538499920.976199150 1.92734 0.807555 0.145304
1538499921.143055201 1.93198 0.813759 0.170627
1538499921.303431749 1.93704 0.827401 0.221974
1538499921.472501755 1.9437 0.837532 0.270309
1538499921.641497850 1.9441 0.846933 0.30272
1538499921.811017036 1.94297 0.860382 0.357535
1538499921.975326300 1.94424 0.875095 0.413157
1538499922.142695189 1.94357 0.880688 0.43751
1538499922.308007717 1.9463 0.889782 0.479062
1538499922.471839428 1.94877 0.902462 0.521282
1538499922.642184496 1.94987 0.908765 0.533745
1538499922.808920383 1.96038 0.921719 0.557989
1538499922.977113724 1.97606 0.930298 0.549322
1538499923.141106606 1.97708 0.941825 0.555182
1538499923.310744286 1.99224 0.942143 0.539217
1538499923.474920273 2.0046 0.945403 0.504283
1538499923.638980150 2.01073 0.946189 0.500454
1538499923.805140495 2.02422 0.943477 0.461386
1538499923.975753546 2.03072 0.946946 0.446844
1538499924.142970324 2.04466 0.942539 0.407202
1538499924.307096481 2.05659 0.939441 0.366389
1538499924.472640276 2.06235 0.940306 0.346256
1538499924.637953281 2.07675 0.935576 0.3069
1538499924.805583477 2.08779 0.928526 0.262118
1538499924.973021269 2.09431 0.925084 0.239052
1538499925.140297413 2.10516 0.917629 0.190831
1538499925.304083109 2.11855 0.906003 0.107228
1538499925.474843979 2.12467 0.899558 0.0736021
1538499925.639382601 2.14111 0.882579 -0.0154473
1538499925.809261322 2.15896 0.86189 -0.113199
1538499925.973804951 2.16483 0.852826 -0.155757
1538499926.144293547 2.18038 0.831599 -0.240557
1538499926.308092117 2.19453 0.809289 -0.323227
1538499926.476511240 2.20366 0.797053 -0.357405
1538499926.641285181 2.22151 0.784076 -0.409631
1538499926.804240704 2.25018 0.764417 -0.446736
1538499926.972802877 2.27348 0.749077 -0.455612
1538499927.142318249 2.30473 0.737722 -0.464161
1538499927.307613850 2.33847 0.723389 -0.462505
1538499927.470855951 2.35758 0.719229 -0.451043
1538499927.640836000 2.38585 0.713443 -0.419534
1538499927.805160761 2.4199 0.713688 -0.37555
1538499927.975781679 2.43506 0.719551 -0.336725
1538499928.140618324 2.46409 0.724902 -0.285479
1538499928.307820320 2.49684 0.725791 -0.239183
1538499928.474286795 2.51471 0.724828 -0.226582
1538499928.643215179 2.55477 0.725076 -0.200558
1538499928.811248541 2.59396 0.719763 -0.194853
1538499928.977599621 2.61583 0.716154 -0.203436
1538499929.145790339 2.64697 0.70713 -0.221257
1538499929.307579994 2.68038 0.693981 -0.252784
1538499929.473022699 2.69289 0.687501 -0.274291
1538499929.644354582 2.71564 0.664958 -0.337778
1538499929.810106993 2.73464 0.644332 -0.406332
1538499929.974220276 2.74421 0.631234 -0.448181
1538499930.145399332 2.75881 0.605662 -0.531198
1538499930.307518721 2.76674 0.580878 -0.612669
1538499930.472605467 2.76955 0.566923 -0.656779
1538499930.637967110 2.77625 0.54292 -0.730289
1538499930.807012320 2.78555 0.518915 -0.802645
1538499930.975837946 2.79204 0.502465 -0.827048
1538499931.142453909 2.80872 0.478111 -0.870289
1538499931.306956053 2.82797 0.448924 -0.900309
1538499931.476052284 2.84063 0.43334 -0.899113
1538499931.637602806 2.86629 0.403858 -0.901853
1538499931.806161404 2.89418 0.37718 -0.888811
1538499931.974963665 2.90608 0.369038 -0.868422
1538499932.145926952 2.93104 0.354719 -0.83074
1538499932.309186220 2.94526 0.350207 -0.798307
1538499932.475092173 2.97474 0.343484 -0.741629
1538499932.642641068 2.9994 0.343158 -0.665752
1538499932.805838346 3.01385 0.345561 -0.62599
1538499932.975611925 3.03968 0.351125 -0.543508
1538499933.146005154 3.0636 0.358385 -0.454316
1538499933.312891960 3.07484 0.363735 -0.418531
1538499933.473450422 3.09965 0.371023 -0.341113
1538499933.676760197 3.12537 0.379442 -0.271526
1538499933.807537079 3.13916 0.382895 -0.253068
1538499933.971415758 3.17305 0.38681 -0.208601
1538499934.143438339 3.21004 0.384452 -0.195167
1538499934.309024096 3.22998 0.385121 -0.18696
1538499934.476676464 3.26595 0.378559 -0.193813
1538499934.643316984 3.30005 0.367304 -0.217136
1538499934.809161663 3.31596 0.362176 -0.223549
1538499934.979618788 3.34423 0.34487 -0.271774
1538499935.143568754 3.36723 0.326072 -0.334513
1538499935.311527014 3.37604 0.316723 -0.367162
1538499935.480544329 3.38849 0.292532 -0.446242
1538499935.640476465 3.40229 0.26917 -0.528007
1538499935.804989576 3.40777 0.25711 -0.572169
1538499935.973479509 3.41641 0.2303 -0.660522
1538499936.143692255 3.4212 0.205913 -0.740302
1538499936.310671091 3.42163 0.192277 -0.784893
1538499936.475005150 3.42729 0.168494 -0.853688
1538499936.644521713 3.4369 0.139819 -0.916537
1538499936.802388191 3.44219 0.131059 -0.93144
1538499936.974312305 3.45686 0.102792 -0.963873
1538499937.142523050 3.48177 0.0689755 -0.968226
1538499937.303104401 3.49187 0.0557508 -0.972056
1538499937.475065231 3.51664 0.0259972 -0.962187
1538499937.635577679 3.54055 0.00766032 -0.924351
1538499937.806326866 3.55188 -0.00283319 -0.909345
1538499937.973758936 3.58103 -0.0138055 -0.852672
1538499938.140024424 3.60575 -0.0158958 -0.783026
1538499938.308418274 3.61934 -0.0217906 -0.747413
1538499938.474907160 3.64616 -0.0186445 -0.667071
1538499938.639945269 3.67154 -0.0146183 -0.580707
1538499938.806331396 3.6842 -0.0112552 -0.535747
1538499938.974697828 3.7099 -0.00218223 -0.448885
1538499939.143522263 3.73184 0.0102954 -0.358524
1538499939.312043190 3.74492 0.0162933 -0.312442
1538499939.472502232 3.76625 0.0316892 -0.217235
1538499939.642326117 3.7869 0.0500499 -0.125396
1538499939.812592030 3.7967 0.0578923 -0.0794402
1538499939.976705551 3.81342 0.0738245 -0.00118846
1538499940.139922619 3.82999 0.0928794 0.0752941
1538499940.311673164 3.84109 0.102669 0.108785
1538499940.471838474 3.867 0.117732 0.157599
1538499940.644538403 3.89597 0.133799 0.19307
1538499940.807159662 3.91473 0.14024 0.198385
1538499940.975463152 3.95167 0.153646 0.21362
1538499941.141965151 3.99001 0.166339 0.218069
1538499941.312730312 4.00766 0.167904 0.200899
1538499941.476827860 4.04002 0.17078 0.176024
1538499941.645823956 4.0687 0.168196 0.14051
1538499941.810975075 4.0807 0.167363 0.123941
1538499941.978922606 4.09945 0.166594 0.1062
1538499942.146146059 4.10646 0.166355 0.100141
1538499942.312479734 4.11701 0.166443 0.0910519
1538499942.481830835 4.12382 0.167418 0.083976
1538499942.644590855 4.12486 0.166964 0.0836308
1538499942.810405493 4.12383 0.166421 0.0797093
1538499942.978273153 4.12507 0.166108 0.0797093
1538499943.146261692 4.12523 0.166552 0.0800545
1538499943.312010050 4.1257 0.166563 0.0817104
1538499943.476644278 4.12574 0.166744 0.0790809
1538499943.643391371 4.12634 0.166262 0.0819489
1538499943.807520390 4.12594 0.166199 0.0819489
1538499943.977895260 4.12652 0.166608 0.0819489
1538499944.147382021 4.12596 0.167137 0.0825469
1538499944.312296629 4.12545 0.167183 0.0816334
1538499944.479440928 4.12642 0.168166 0.082324
1538499944.643697977 4.12706 0.167127 0.0819787
1538499944.811234236 4.12679 0.167735 0.0792382
1538499944.976651192 4.12619 0.167899 0.0792382
1538499945.144933701 4.12512 0.169005 0.0764978
1538499945.312498569 4.12566 0.168316 0.0764978
1538499945.479720116 4.12547 0.168247 0.0764978
1538499945.642417908 4.1253 0.168463 0.0779626
1538499945.811809540 4.12711 0.167866 0.0794676
1538499945.978673935 4.1277 0.168718 0.078044
1538499946.143924475 4.12833 0.167674 0.0792401
1538499946.309993505 4.12591 0.169106 0.0792401
1538499946.482267857 4.12609 0.168966 0.0765656
1538499946.646661043 4.1255 0.168368 0.0781479
1538499946.810258150 4.12705 0.168303 0.077112
1538499946.980367899 4.12699 0.168785 0.0767668
1538499947.144674540 4.12603 0.16936 0.0764215
1538499947.311343431 4.1261 0.169061 0.0764215
1538499947.479740381 4.12485 0.17015 0.0734514
1538499947.646807671 4.12464 0.170504 0.0756076
1538499947.812728643 4.12469 0.169631 0.0748356
1538499947.977732182 4.12476 0.169978 0.0732161
