1538499899.892028332 1.24597 0.117791 1.0038
1538499900.149388075 1.24597 0.117791 1.0038
1538499900.401347399 1.24597 0.117791 1.0038
1538499900.653386593 1.24597 0.117791 1.0038
1538499900.905238867 1.24597 0.117791 1.0038
1538499901.157051563 1.24597 0.117791 1.0038
1538499901.412595034 1.24597 0.117791 1.0038
1538499901.667188644 1.24597 0.117791 1.0038
1538499901.919276237 1.24597 0.117791 1.0038
1538499902.172241688 1.24597 0.117791 1.0038
1538499902.426872730 1.24597 0.117791 1.0038
1538499902.680439949 1.24597 0.117791 1.0038
1538499902.928912163 1.24597 0.117791 1.0038
1538499903.187016964 1.24597 0.117791 1.0038
1538499903.442816734 1.24597 0.117794 1.00379
1538499903.703963041 1.24977 0.123746 1.00351
1538499903.962445736 1.26062 0.140761 1.00265
1538499904.220353842 1.27447 0.16243 1.00161
1538499904.482202053 1.28876 0.184764 1.00143
1538499904.737734556 1.30233 0.205951 1.00062
1538499904.995579720 1.31622 0.227589 0.999597
1538499905.251305819 1.33014 0.249216 0.998559
1538499905.506695747 1.34377 0.270364 0.997752
1538499905.769190073 1.35815 0.292643 0.997568
1538499906.025454283 1.37211 0.314238 0.996546
1538499906.272807598 1.38548 0.334896 0.995969
1538499906.648231030 1.40214 0.359741 0.964117
1538499906.912762642 1.41236 0.373885 0.925742
1538499907.173511505 1.42116 0.38498 0.875814
1538499907.433378935 1.42953 0.39447 0.819464
1538499907.699109793 1.43762 0.402591 0.755409
1538499907.958909988 1.44543 0.409475 0.689427
1538499908.222198486 1.45334 0.415538 0.618948
1538499908.483993292 1.46078 0.420444 0.546543
1538499908.742869377 1.46813 0.424547 0.471996
1538499909.007597208 1.47559 0.427995 0.394023
1538499909.278619289 1.48311 0.430769 0.312623
1538499909.539372683 1.49018 0.432752 0.234109
1538499909.803729534 1.49892 0.434496 0.159564
1538499910.064453363 1.51235 0.43636 0.116506
1538499910.330635786 1.53285 0.438554 0.0966463
1538499910.591133118 1.5566 0.440836 0.0950122
1538499910.853706598 1.57674 0.443005 0.11948
1538499911.115719557 1.59233 0.445207 0.161133
1538499911.374946833 1.60545 0.44769 0.21307
1538499911.635380745 1.61689 0.450519 0.271689
1538499911.895799160 1.62707 0.453706 0.335102
1538499912.156259060 1.63622 0.457242 0.402172
1538499912.421103477 1.64464 0.461182 0.473608
1538499912.679980516 1.65211 0.465362 0.546023
1538499912.944188833 1.659 0.46991 0.621925
1538499913.205040932 1.66557 0.474998 0.695426
1538499913.471720457 1.67597 0.484064 0.73903
1538499913.742628813 1.69121 0.498241 0.758958
1538499914.111494303 1.71589 0.521591 0.756797
1538499914.373129368 1.73052 0.535069 0.731476
1538499914.639635324 1.74287 0.545644 0.685398
1538499914.899556875 1.75328 0.553694 0.631189
1538499915.164376259 1.76335 0.560595 0.570345
1538499915.424325466 1.77271 0.56619 0.506503
1538499915.689476967 1.78181 0.570832 0.437096
1538499915.973459005 1.79113 0.574755 0.359553
1538499916.234005690 1.79935 0.577504 0.286077
1538499916.492776871 1.80751 0.579576 0.211528
1538499916.746896505 1.81526 0.580941 0.137193
1538499917.013273954 1.82294 0.58169 0.0570774
1538499917.278372765 1.83041 0.581813 -0.0241102
1538499917.538664103 1.83731 0.581366 -0.105085
1538499917.797430038 1.84406 0.580378 -0.185633
1538499918.061837673 1.8525 0.578461 -0.261196
1538499918.327300072 1.86587 0.574564 -0.305887
1538499918.589756727 1.88469 0.568409 -0.326485
1538499918.856681108 1.9079 0.560519 -0.328807
1538499919.120059490 1.92742 0.554111 -0.305553
1538499919.385078430 1.94289 0.549587 -0.263368
1538499919.643806696 1.95587 0.546446 -0.211466
1538499919.902470350 1.96747 0.544309 -0.152871
1538499920.167461157 1.97825 0.543004 -0.0881524
1538499920.427479982 1.98804 0.542469 -0.0210203
1538499920.689200640 1.99716 0.542597 0.0490095
1538499920.952648401 2.00584 0.543345 0.122925
1538499921.217290640 2.01396 0.544663 0.198924
1538499921.590191126 2.02469 0.547452 0.309752
1538499921.849583626 2.03141 0.54989 0.386075
1538499922.110413790 2.041 0.554128 0.445983
1538499922.377234936 2.05581 0.561517 0.479948
1538499922.637866259 2.07572 0.571988 0.488424
1538499922.903112888 2.09641 0.582822 0.476089
1538499923.162722349 2.1129 0.590994 0.44435
1538499923.427340031 2.12678 0.597199 0.396346
1538499923.687182188 2.13882 0.601851 0.341067
1538499923.951670170 2.15021 0.6055 0.279152
1538499924.212370396 2.16055 0.608104 0.214241
1538499924.472550392 2.1703 0.60988 0.146117
1538499924.732867002 2.17941 0.610891 0.0747826
1538499924.997901917 2.18839 0.611226 -7.58661e-05
1538499925.257036924 2.20013 0.61059 -0.108196
1538499925.517413378 2.21854 0.60756 -0.21804
1538499925.776391745 2.23943 0.601514 -0.34541
1538499926.036620378 2.26413 0.591244 -0.442837
1538499926.297119856 2.29328 0.576105 -0.515068
1538499926.562134981 2.32772 0.555507 -0.562872
1538499926.816873312 2.36505 0.531397 -0.584178
1538499927.082169056 2.40786 0.503176 -0.581328
1538499927.343004942 2.44529 0.479394 -0.550894
1538499927.603522301 2.47833 0.460368 -0.493871
1538499927.864297628 2.50733 0.446222 -0.413853
1538499928.130951643 2.54211 0.432126 -0.356364
1538499928.395492792 2.58353 0.417406 -0.326453
1538499928.655410528 2.63049 0.401611 -0.322561
1538499929.030797720 2.69395 0.379283 -0.354007
1538499929.291344166 2.72954 0.364959 -0.411341
1538499929.557631254 2.75894 0.350589 -0.497996
1538499929.818049431 2.78158 0.336653 -0.605441
1538499930.082954168 2.79939 0.322567 -0.732647
1538499930.345322132 2.81668 0.305185 -0.844037
1538499930.606871367 2.83594 0.281557 -0.929669
1538499930.866160154 2.85674 0.251898 -0.98856
1538499931.132882357 2.88012 0.215091 -1.02128
1538499931.399694920 2.90612 0.172312 -1.02817
1538499931.666414499 2.93148 0.131183 -1.00836
1538499931.931351423 2.95459 0.0963861 -0.960519
1538499932.196436405 2.97604 0.0680239 -0.886062
1538499932.456953526 2.99536 0.046572 -0.789362
1538499932.717783689 3.01325 0.030537 -0.671935
1538499932.979153872 3.03104 0.0181515 -0.544438
1538499933.243623972 3.05514 0.00514295 -0.445655
1538499933.510123968 3.08633 -0.00839141 -0.373088
1538499933.775193453 3.12433 -0.0222897 -0.32818
1538499934.040481329 3.16889 -0.0369833 -0.308809
1538499934.301163197 3.21585 -0.0521722 -0.316933
1538499934.565971851 3.25832 -0.0669144 -0.351193
1538499934.825011253 3.29324 -0.0809193 -0.411759
1538499935.079785585 3.32112 -0.09451 -0.495391
1538499935.350986242 3.34479 -0.109082 -0.608039
1538499935.609910965 3.36224 -0.122926 -0.733373
1538499935.864392996 3.37722 -0.138199 -0.857067
1538499936.131025314 3.39409 -0.159776 -0.957261
1538499936.516317606 3.42028 -0.201626 -1.06601
1538499936.776225805 3.43929 -0.237396 -1.09832
1538499937.041428804 3.46168 -0.281705 -1.10771
1538499937.297335148 3.48281 -0.323151 -1.09089
1538499937.560818434 3.50327 -0.360405 -1.04617
1538499937.825587988 3.52252 -0.39107 -0.974475
1538499938.087227821 3.54025 -0.414725 -0.880747
1538499938.344793081 3.55709 -0.432906 -0.766549
1538499938.605527163 3.57348 -0.446779 -0.638185
1538499938.870770931 3.59201 -0.45871 -0.505832
1538499939.132887125 3.61158 -0.467946 -0.376046
1538499939.391636610 3.63219 -0.474572 -0.246267
1538499939.660860300 3.65389 -0.47855 -0.116174
1538499939.921681881 3.68109 -0.480391 -0.018998
1538499940.186448097 3.71482 -0.479824 0.0525943
1538499940.440938234 3.75318 -0.476981 0.0953596
1538499940.706496000 3.79979 -0.472062 0.114956
1538499940.973023176 3.85043 -0.46638 0.108485
1538499941.239261389 3.8952 -0.462278 0.0742245
1538499941.505264282 3.93334 -0.460606 0.0134237
1538499941.765683413 3.96341 -0.460724 -0.0212515
1538499942.043560743 3.98626 -0.461301 -0.0292669
1538499942.292258501 3.99682 -0.461612 -0.0296026
1538499942.551337719 4.00044 -0.46172 -0.0301453
1538499942.803653717 4.00044 -0.46172 -0.0301453
1538499943.058078766 4.00044 -0.46172 -0.0301453
1538499943.313176632 4.00044 -0.46172 -0.0301453
1538499943.564975023 4.00044 -0.46172 -0.0301453
1538499943.924773693 4.00044 -0.46172 -0.0301453
1538499944.182122707 4.00044 -0.46172 -0.0301453
1538499944.434308052 4.00044 -0.46172 -0.0301453
1538499944.686088324 4.00044 -0.46172 -0.0301453
1538499944.938421726 4.00044 -0.46172 -0.0301453
1538499945.191116810 4.00044 -0.46172 -0.0301453
1538499945.448897839 4.00044 -0.46172 -0.0301453
1538499945.706326962 4.00044 -0.46172 -0.0301453
1538499945.958362103 4.00044 -0.46172 -0.0301453
1538499946.210448742 4.00044 -0.46172 -0.0301453
1538499946.463099957 4.00044 -0.46172 -0.0301453
1538499946.714736462 4.00044 -0.46172 -0.0301453
1538499946.968115807 4.00044 -0.46172 -0.0301453
1538499947.219269753 4.00044 -0.46172 -0.0301453
1538499947.476134539 4.00044 -0.46172 -0.0301453
1538499947.728385687 4.00044 -0.46172 -0.0301453
1538499947.980342627 4.00044 -0.46172 -0.0301453
